0.215501  0.296377  0.441876
0.239284  0.344389  0.424017
0.22805  0.302436  0.51677
0.16614  0.275601  0.0892931
0.171731  0.239862  -0.0746586
0.157891  0.278018  0.0121182
0.210166  0.312813  0.399426
0.217176  0.31929  0.426296
0.202079  0.273382  0.306488
0.235332  0.354469  0.345482
0.208988  0.264351  0.240406
0.244597  0.340802  0.455079
0.25259  0.376629  0.169862
0.234966  0.361858  0.287552
0.21815  0.280639  0.418023
0.183621  0.263511  0.158232
0.184589  0.259121  0.138786
0.215791  0.334413  0.361688
0.240761  0.340769  0.44881
0.231374  0.294323  0.532423
0.216905  0.279342  0.405685
0.230501  0.319614  0.49936
0.214241  0.275041  0.368084
0.172155  0.250519  0.00905247
0.226976  0.300865  0.510975
0.253661  0.332974  0.466978
0.239168  0.314769  0.556067
0.176135  0.242021  -0.0338024
0.238719  0.295548  0.57429
0.172555  0.300706  0.184071
0.230202  0.283006  0.455661
0.184958  0.312374  0.246651
0.225224  0.346053  0.351982
0.229192  0.295553  0.521726
0.169302  0.276206  0.116035
0.208701  0.329337  0.341087
0.251934  0.375849  0.182101
0.211955  0.272278  0.340013
0.204172  0.277497  0.335212
0.20261  0.25894  0.180677
0.230919  0.31211  0.520595
0.241304  0.322817  0.536858
0.185608  0.270537  0.202806
0.240462  0.33744  0.466232
0.217024  0.344499  0.311741
0.157162  0.220981  -0.386265
0.237624  0.363473  0.285687
0.168377  0.291812  0.150928
0.232222  0.333507  0.454683
0.214787  0.305864  0.436103
0.226576  0.376464  0.0450557
0.175995  0.270471  0.141573
0.166439  0.288791  0.131994
0.219807  0.318746  0.442929
0.202161  0.293944  0.360371
0.216783  0.32425  0.409063
0.242479  0.359182  0.332497
0.219477  0.339763  0.355965
0.213575  0.277524  0.381553
0.181287  0.244009  0.00257876
0.217472  0.335731  0.365321
0.215461  0.273234  0.354444
0.231075  0.320169  0.500638
0.219038  0.334402  0.38108
0.214604  0.366192  0.0384174
0.248156  0.320647  0.56165
0.188501  0.312456  0.268599
0.242122  0.343977  0.433151
0.172488  0.268845  0.110432
0.164935  0.223788  -0.274116
0.221098  0.3576  0.236872
0.211509  0.290686  0.412214
0.197898  0.263774  0.230467
0.203556  0.300217  0.371332
0.172265  0.268147  0.105803
0.239669  0.382633  0.103036
0.244335  0.340505  0.456574
0.235497  0.304425  0.557962
0.16748  0.300909  0.152009
0.179709  0.262253  0.128085
0.248998  0.30921  0.609856
0.206254  0.278244  0.34922
0.206681  0.352805  0.148789
0.207926  0.278826  0.360323
0.225816  0.305787  0.501275
0.217628  0.281133  0.418245
0.243325  0.29847  0.602654
0.231734  0.299442  0.538758
0.212281  0.274277  0.356307
0.252572  0.323553  0.535624
0.174658  0.277365  0.157636
0.252172  0.320158  0.557054
0.159783  0.269372  -0.00276005
0.243431  0.317439  0.56458
0.229164  0.363714  0.238391
0.158468  0.232764  -0.26122
0.227791  0.321086  0.480635
0.173892  0.322339  0.1103
0.191098  0.267493  0.22053
0.193756  0.32898  0.241522
0.237239  0.355238  0.34726
0.209654  0.319998  0.379912
0.236818  0.372108  0.203829
0.171481  0.323432  0.0438787
0.197242  0.255666  0.148833
0.163616  0.287006  0.106784
0.246523  0.352134  0.383545
0.23138  0.32074  0.500414
0.179944  0.254919  0.086602
0.16238  0.224656  -0.279748
0.209467  0.286824  0.393136
0.166467  0.256583  0.000873753
0.171655  0.232517  -0.149072
0.161709  0.220569  -0.328357
0.19686  0.287901  0.320877
0.251617  0.360693  0.302173
0.210423  0.361578  0.0579273
0.226353  0.281584  0.44807
0.196869  0.253397  0.113062
0.217155  0.351508  0.260481
0.179233  0.278941  0.192455
0.157427  0.285226  0.0376145
0.238106  0.329172  0.498769
0.226149  0.354486  0.298229
0.210014  0.333413  0.330475
0.22979  0.349992  0.350845
0.221452  0.337182  0.381308
0.165545  0.309358  0.123208
0.255178  0.321597  0.507828
0.193753  0.335017  0.200373
0.178863  0.238065  -0.0717854
0.181055  0.303859  0.234835
0.234587  0.36667  0.243905
0.178064  0.292191  0.213007
0.168405  0.282847  0.130922
0.160858  0.255375  -0.0664823
0.175928  0.254584  0.0603319
0.172351  0.321657  0.0971418
0.245537  0.379035  0.168827
0.221556  0.328216  0.422038
0.249129  0.329551  0.516193
0.172076  0.324541  0.0262115
0.213954  0.285967  0.416656
0.251302  0.307303  0.620592
0.214857  0.306562  0.43589
0.182529  0.281452  0.220185
0.164028  0.280095  0.0884131
0.176767  0.23806  -0.0731882
0.221434  0.291779  0.471808
0.21743  0.335523  0.366109
0.20113  0.333204  0.271312
0.251946  0.367681  0.246752
0.214445  0.289571  0.427517
0.219734  0.337533  0.369533
0.161962  0.261401  -0.0178538
0.18302  0.283374  0.227969
0.246532  0.337835  0.472686
0.229845  0.37129  0.163513
0.196357  0.281534  0.303936
0.19581  0.312703  0.313054
0.192356  0.342065  0.104463
0.231535  0.342549  0.405112
0.177017  0.259066  0.0938305
0.225044  0.374003  0.0687589
0.193784  0.303178  0.311977
0.177307  0.303233  0.212375
0.222484  0.288934  0.471691
0.164956  0.22364  -0.275859
0.15978  0.273915  0.0197563
0.187723  0.335512  0.131684
0.171267  0.281073  0.145926
0.226402  0.320828  0.473956
0.22249  0.307919  0.479489
0.16683  0.308166  0.13726
0.229787  0.305573  0.524459
0.224992  0.334704  0.413038
0.194211  0.279952  0.286904
0.178247  0.267944  0.145903
0.200986  0.301415  0.355778
0.217595  0.346537  0.301635
0.197107  0.272965  0.278551
0.241265  0.379618  0.148482
0.162347  0.311314  0.0742396
0.187641  0.261159  0.167235
0.160104  0.292026  0.0908701
0.242794  0.378618  0.165631
0.19719  0.340912  0.179923
0.218159  0.355507  0.23296
0.244542  0.314868  0.577436
0.236318  0.293197  0.555981
0.216062  0.316098  0.427672
0.21392  0.356892  0.179863
0.158022  0.258116  -0.0965677
0.191156  0.251777  0.102777
0.229558  0.323207  0.483042
0.235008  0.383738  0.0362206
0.236742  0.381612  0.0918582
0.241881  0.370262  0.241988
0.228389  0.296569  0.518039
0.187747  0.313198  0.262291
